9000 9000 9000
9100 9100 9100
9200 9100 9200
9300 9100 9300
9400 9200 9400
9500 9200 9500
9600 9300 9600
9700 9300 9700
9800 9300 9800
9900 9300 9900
10000  9300 10000
10100  9400 10100
10200  9500 10200
10300  9500 10300
10400  9500 10400
10500  9600 10500
10600  9700 10600
10700  9700 10700
10800  9700 10800
10900  9700 10900
11000  9800 11000
11100  9900 11100
11200 10000 11200
11300 10000 11300
11400 10000 11400
11500 10000 11500
11600 10000 11600
11700 10000 11700
11800 10000 11800
11900 10000 11900
12000 10000 12000
