9000 9000 9000
9300 9000 9300
9600 9000 9600
9900 9000 9900
10200  9000 10200
10500  9000 10500
10800  9300 10800
11100  9600 11100
11400  9900 11400
11700  9900 11700
12000  9900 12000
o
10200  9600 10200
10200  9600 10500
10200  9600  9900
10200  9900 10200
10200  9900 10500
10200  9900  9900
10200  9300 10200
10200  9300 10500
10200  9300  9900
10500  9600 10200
10500  9600 10500
10500  9600  9900
10500  9900 10200
10500  9900 10500
10500  9900  9900
10500  9300 10200
10500  9300 10500
10500  9300  9900
 9900  9600 10200
 9900  9600 10500
9900 9600 9900
 9900  9900 10200
 9900  9900 10500
9900 9900 9900
 9900  9300 10200
 9900  9300 10500
9900 9300 9900