11.76 12.24 12
11.52 12 11.76
11.28 12 11.76
11.04 11.76 11.52
10.8 11.76 11.28
10.56 11.76 11.28
10.32 11.52 11.04
10.08 11.28 10.8
9.84 11.04 10.56
9.6 10.8 10.32
9.36 10.56 10.08
9.12 10.32 9.84
8.88 10.08 9.6
8.64 9.84 9.36
8.4 9.6 9.12
8.16 9.36 8.88
7.92 9.12 8.64
7.68 8.88 8.4
7.44 8.64 8.16
7.2 8.4 7.92
6.96 8.16 7.68
6.72 7.92 7.44
6.48 7.68 7.2
6.24 7.44 6.96
6 7.2 6.72
5.76 6.96 6.48
5.52 6.72 6.24
5.28 6.48 6
5.04 6.24 5.76
4.8 6 5.52
4.56 5.76 5.28
4.32 5.52 5.04
4.08 5.28 4.8
3.84 5.04 4.56
3.6 4.8 4.32
3.36 4.56 4.08
3.12 4.32 3.84
3.12 4.08 3.84
3.12 3.84 3.84
3.12 3.6 3.6
2.88 3.36 3.36
2.64 3.12 3.12
2.4 2.88 2.88
2.16 2.64 2.64
1.92 2.4 2.4
1.68 2.16 2.16
1.44 1.92 1.92
1.2 1.68 1.68
0.96 1.44 1.44
0.96 1.2 1.2
0.72 0.96 0.96
0.72 0.72 0.72
0.48 0.48 0.48
0.24 0.24 0.24
0 0 0
11.76 12 11.76
11.52 12 11.52
11.52 12 11.28
11.28 11.76 11.04
11.04 11.52 10.8
10.8 11.28 10.56
10.56 11.04 10.32
10.32 10.8 10.08
10.08 10.56 9.84
9.84 10.32 9.6
9.6 10.08 9.36
9.36 9.84 9.12
9.12 9.6 8.88
8.88 9.36 8.64
8.64 9.12 8.4
8.4 8.88 8.16
8.16 8.64 7.92
7.92 8.4 7.68
7.68 8.16 7.44
7.44 7.92 7.2
7.2 7.68 6.96
6.96 7.44 6.72
6.72 7.2 6.48
6.48 6.96 6.24
6.24 6.72 6
6 6.48 5.76
5.76 6.24 5.52
5.52 6 5.28
5.28 5.76 5.04
5.04 5.52 4.8
4.8 5.28 4.56
4.56 5.04 4.32
4.32 4.8 4.08
4.08 4.56 3.84
3.84 4.32 3.6
3.6 4.08 3.36
3.36 3.84 3.12
3.12 3.6 2.88
2.88 3.36 2.64
2.64 3.12 2.4
2.4 2.88 2.16
2.16 2.64 1.92
2.16 2.4 1.92
1.92 2.16 1.92
1.68 1.92 1.68
1.44 1.68 1.44
1.2 1.44 1.2
0.96 1.2 0.96
0.96 0.96 0.96
0.72 0.72 0.72
0.48 0.48 0.48
0.24 0.24 0.24
0 0 0
