10500  9000 11000
11000  9000 11000
10000  9000 11000
10500  8500 11500
10500  9500 11500
10500  8500 11000
10500  9500 11000
10000  8500 11500
10000  9500 11500
10500  9000 12000
11000  8500 11000
11000  9500 11000
11000  9000 11000
10500  8500 11000
10500  9500 11000
10500  9000 11500
10000  8500 11000
10000  9500 11000
11000  9000 11500
11000  8500 11000
11000  9500 11000
10000  8500 12000
10000  9500 12000
 9500  9000 11500
10500  8500 12000
10500  9500 12000
10000  9000 11000
10500  8500 11500
10500  9500 11500
10000  8500 11500
10000  9500 11500
11000  8500 11500
11000  9500 11500
 9500  9000 11000
11000  9000 11500
 9500  8500 11500
 9500  9500 11500
10000  8500 11000
10000  9500 11000
 9500  9000 12000
10000  9000 11500
11000  8500 11500
11000  9500 11500
 9500  9000 11500
 9500  8500 11000
 9500  9500 11000
10000  9000 12500
 9500  8500 12000
 9500  9500 12000
10500  9000 12500
10000  9000 12000
10000  8500 11500
10000  9500 11500
10500  9000 12000
 9500  8500 11500
 9500  9500 11500
11000  9000 12000
10500  8500 12500
10500  9500 12500
10000  8500 12500
10000  9500 12500
10500  8500 12000
10500  9500 12000
10000  8500 12000
10000  9500 12000
10500  8500 12000
10500  9500 12000
11000  8500 12000
11000  9500 12000
11000  9000 12000
 9500  9000 12500
11000  8500 12000
11000  9500 12000
10000  9000 12000
 9500  9000 12000
 9500  9000 11500
 9500  8500 12500
 9500  9500 12500
10000  8500 12000
10000  9500 12000
 9500  8500 12000
 9500  9500 12000
 9500  8500 11500
 9500  9500 11500
10500  9000 12500
10500  8500 12500
10500  9500 12500
 9500  9000 12000
10000  8500 12500
10000  9500 12500
10500  8500 12500
10500  9500 12500
 9500  8500 12000
 9500  9500 12000
 9500  9000 12500
10000  8500 12500
 9500  8500 12500
 9500  9500 12500
 9500  9000 12500
 9500  8500 12500
 9500  9500 12500
3500 3500 3500
5500 5500 5500
7000 7000 7000
10000  9000 11500
10000  9000 12000
10500  9000 11500
